v_8=[0 20 40 60 80 100 120 130];
io_8=[0 0.17 0.22 0.31 0.42 0.58 0.91 1.2];
p_8=[0 0.93 2.7 5.12 8.24 12.35 18.61 24.7];


v_9=[120 120];
io_9=[0.85 0.9];
p_9=[18.75 19.55];


