data
x(1)=22
x(2)=22
x(3)=21
x(4)=35
x(5)=35
x(6)=22
x(7)=35
x(8)=22
x(9)=22
x(10)=22
x(11)=22
x(12)=22
x(13)=22
x(14)=22
x(15)=22
x(16)=23
x(17)=22
x(18)=22
x(19)=22
x(20)=35
x(21)=35
x(22)=22
x(23)=35
x(24)=22
x(25)=22
x(26)=22
x(27)=22
x(28)=22
x(29)=22
x(30)=34
x(31)=22
x(32)=35
x(33)=22
x(34)=22
x(35)=34
x(36)=35
x(37)=35
x(38)=22
x(39)=22
x(40)=35
temp=26
humidity=26
fail
ptr=1
data
x(1)=48
x(2)=22
x(3)=22
x(4)=22
x(5)=35
x(6)=35
x(7)=22
x(8)=35
x(9)=22
x(10)=21
x(11)=22
x(12)=22
x(13)=22
x(14)=22
x(15)=22
x(16)=22
x(17)=22
x(18)=22
x(19)=22
x(20)=22
x(21)=35
x(22)=35
x(23)=22
x(24)=35
x(25)=22
x(26)=22
x(27)=22
x(28)=22
x(29)=22
x(30)=22
x(31)=34
x(32)=22
x(33)=35
x(34)=22
x(35)=22
x(36)=34
x(37)=35
x(38)=35
x(39)=22
x(40)=22
temp=13
humidity=141
fail
ptr=2
data
x(1)=48
x(2)=22
x(3)=21
x(4)=21
x(5)=35
x(6)=35
x(7)=22
x(8)=35
x(9)=23
x(10)=22
x(11)=22
x(12)=22
x(13)=22
x(14)=22
x(15)=22
x(16)=22
x(17)=23
x(18)=22
x(19)=22
x(20)=22
x(21)=35
x(22)=35
x(23)=21
x(24)=35
x(25)=22
x(26)=22
x(27)=22
x(28)=22
x(29)=22
x(30)=21
x(31)=35
x(32)=22
x(33)=35
x(34)=22
x(35)=21
x(36)=35
x(37)=35
x(38)=35
x(39)=22
x(40)=22
temp=13
humidity=141
fail
ptr=2
data
x(1)=48
x(2)=22
x(3)=21
x(4)=22
x(5)=35
x(6)=35
x(7)=22
x(8)=22
x(9)=36
x(10)=22
x(11)=22
x(12)=22
x(13)=22
x(14)=22
x(15)=22
x(16)=22
x(17)=23
x(18)=22
x(19)=22
x(20)=22
x(21)=35
x(22)=35
x(23)=21
x(24)=35
x(25)=22
x(26)=22
x(27)=22
x(28)=22
x(29)=22
x(30)=21
x(31)=35
x(32)=22
x(33)=35
x(34)=22
x(35)=22
x(36)=35
x(37)=35
x(38)=35
x(39)=22
x(40)=22
temp=13
humidity=140
fail
ptr=2
data
x(1)=48
x(2)=22
x(3)=22
x(4)=21
x(5)=35
x(6)=35
x(7)=22
x(8)=22
x(9)=35
x(10)=22
x(11)=22
x(12)=22
x(13)=22
x(14)=22
x(15)=22
x(16)=22
x(17)=23
x(18)=22
x(19)=22
x(20)=22
x(21)=35
x(22)=35
x(23)=22
x(24)=34
x(25)=22
x(26)=22
x(27)=22
x(28)=22
x(29)=22
x(30)=21
x(31)=35
x(32)=22
x(33)=35
x(34)=22
x(35)=22
x(36)=35
x(37)=35
x(38)=35
x(39)=22
x(40)=22
temp=13
humidity=140
fail
ptr=2
data
x(1)=48
x(2)=22
x(3)=22
x(4)=21
x(5)=35
x(6)=35
x(7)=22
x(8)=22
x(9)=35
x(10)=21
x(11)=22
x(12)=22
x(13)=22
x(14)=22
x(15)=22
x(16)=22
x(17)=22
x(18)=22
x(19)=22
x(20)=22
x(21)=35
x(22)=35
x(23)=22
x(24)=35
x(25)=22
x(26)=22
x(27)=22
x(28)=22
x(29)=22
x(30)=22
x(31)=35
x(32)=21
x(33)=35
x(34)=22
x(35)=22
x(36)=35
x(37)=35
x(38)=35
x(39)=22
x(40)=22
temp=13
humidity=140
fail
ptr=2
data
x(1)=48
x(2)=22
x(3)=22
x(4)=21
x(5)=35
x(6)=35
x(7)=22
x(8)=22
x(9)=35
x(10)=22
x(11)=22
x(12)=22
x(13)=22
x(14)=22
x(15)=22
x(16)=22
x(17)=22
x(18)=22
x(19)=22
x(20)=22
x(21)=35
x(22)=35
x(23)=22
x(24)=35
x(25)=22
x(26)=22
x(27)=22
x(28)=22
x(29)=22
x(30)=22
x(31)=34
x(32)=22
x(33)=35
x(34)=22
x(35)=22
x(36)=35
x(37)=35
x(38)=35
x(39)=22
x(40)=22
temp=13
humidity=140
fail
ptr=2
data
x(1)=48
x(2)=22
x(3)=22
x(4)=22
x(5)=34
x(6)=35
x(7)=22
x(8)=22
x(9)=35
x(10)=21
x(11)=21
x(12)=22
x(13)=22
x(14)=22
x(15)=22
x(16)=22
x(17)=22
x(18)=21
x(19)=22
x(20)=22
x(21)=35
x(22)=35
x(23)=22
x(24)=35
x(25)=22
x(26)=22
x(27)=22
x(28)=22
x(29)=22
x(30)=22
x(31)=35
x(32)=21
x(33)=35
x(34)=22
x(35)=22
x(36)=35
x(37)=35
x(38)=35
x(39)=22
x(40)=22
temp=13
humidity=140
fail
ptr=2
data
x(1)=48
x(2)=22
x(3)=22
x(4)=21
x(5)=35
x(6)=35
x(7)=22
x(8)=22
x(9)=35
x(10)=22
x(11)=22
x(12)=22
x(13)=22
x(14)=22
x(15)=22
x(16)=22
x(17)=23
x(18)=22
x(19)=22
x(20)=22
x(21)=35
x(22)=35
x(23)=22
x(24)=34
x(25)=22
x(26)=22
x(27)=22
x(28)=22
x(29)=22
x(30)=21
x(31)=35
x(32)=22
x(33)=35
x(34)=22
x(35)=22
x(36)=34
x(37)=35
x(38)=35
x(39)=22
x(40)=22
temp=13
humidity=140
fail
ptr=1
data
x(1)=48
x(2)=22
x(3)=22
x(4)=21
x(5)=35
x(6)=35
x(7)=22
x(8)=22
x(9)=22
x(10)=21
x(11)=22
x(12)=22
x(13)=22
x(14)=22
x(15)=22
x(16)=22
x(17)=22
x(18)=21
x(19)=22
x(20)=22
x(21)=35
x(22)=35
x(23)=22
x(24)=35
x(25)=22
x(26)=22
x(27)=22
x(28)=22
x(29)=22
x(30)=22
x(31)=35
x(32)=21
x(33)=35
x(34)=22
x(35)=22
x(36)=35
x(37)=35
x(38)=21
x(39)=35
x(40)=35
temp=13
humidity=140
fail
ptr=1
data
x(1)=48
x(2)=22
x(3)=21
x(4)=21
x(5)=35
x(6)=35
x(7)=22
x(8)=22
x(9)=22
x(10)=22
x(11)=22
x(12)=22
x(13)=22
x(14)=22
x(15)=22
x(16)=22
x(17)=23
x(18)=22
x(19)=22
x(20)=22
x(21)=35
x(22)=35
x(23)=22
x(24)=35
x(25)=22
x(26)=22
x(27)=22
x(28)=22
x(29)=22
x(30)=21
x(31)=35
x(32)=22
x(33)=35
x(34)=22
x(35)=21
x(36)=35
x(37)=35
x(38)=22
x(39)=35
x(40)=35
temp=13
humidity=140
fail
ptr=2
data
x(1)=48
x(2)=22
x(3)=21
x(4)=21
x(5)=35
x(6)=35
x(7)=22
x(8)=22
x(9)=22
x(10)=22
x(11)=22
x(12)=22
x(13)=22
x(14)=22
x(15)=22
x(16)=22
x(17)=22
x(18)=22
x(19)=22
x(20)=22
x(21)=35
x(22)=35
x(23)=22
x(24)=35
x(25)=22
x(26)=22
x(27)=22
x(28)=22
x(29)=22
x(30)=22
x(31)=35
x(32)=21
x(33)=35
x(34)=22
x(35)=22
x(36)=35
x(37)=35
x(38)=22
x(39)=35
x(40)=35
temp=13
humidity=140
fail
ptr=2
data
x(1)=22
x(2)=22
x(3)=21
x(4)=35
x(5)=35
x(6)=22
x(7)=22
x(8)=22
x(9)=21
x(10)=22
x(11)=22
x(12)=22
x(13)=22
x(14)=22
x(15)=22
x(16)=22
x(17)=22
x(18)=22
x(19)=22
x(20)=35
x(21)=35
x(22)=22
x(23)=35
x(24)=22
x(25)=22
x(26)=22
x(27)=22
x(28)=22
x(29)=22
x(30)=34
x(31)=22
x(32)=35
x(33)=22
x(34)=22
x(35)=34
x(36)=35
x(37)=22
x(38)=35
x(39)=35
x(40)=36