% -------------------------------------------------------------------
%  Generated by MATLAB on 25-Apr-2019 20:19:33
%  MATLAB version: 8.3.0.532 (R2014a)
% -------------------------------------------------------------------
                                       

a = [1 2 3];

ans = [4.4408920985006262E-16 1 4 7 6];

b = [2 1];

