x(1)=22
x(2)=22
x(3)=21
x(4)=35
x(5)=35
x(6)=22
x(7)=35
x(8)=22
x(9)=22
x(10)=22
x(11)=22
x(12)=22
x(13)=22
x(14)=22
x(15)=22
x(16)=23
x(17)=22
x(18)=22
x(19)=22
x(20)=35
x(21)=35
x(22)=22
x(23)=35
x(24)=22
x(25)=22
x(26)=22
x(27)=22
x(28)=22
x(29)=22
x(30)=34
x(31)=22
x(32)=35
x(33)=22
x(34)=22
x(35)=34
x(36)=35
x(37)=35
x(38)=22
x(39)=22
x(40)=35
humd=x(2:9);
humi=x(10:17);
tmpd=x(18:25);
tmpi=x(26:33);
checksum=x(34:end);