x(1)=4258;
x(2)=1949;
x(3)=1949;
x(4)=1949;
x(5)=3112;
x(6)=1949;
x(7)=1949;
x(8)=1949;
x(9)=1973;
x(10)=1949;
x(11)=1949;
x(12)=1948;
x(13)=1949;
x(14)=1949;
x(15)=1948;
x(16)=1949;
x(17)=1974;
x(18)=1949;
x(19)=1949;
x(20)=1949;
x(21)=3113;
x(22)=3113;
x(23)=1950;
x(24)=3113;
x(25)=1974;
x(26)=1949;
x(27)=1949;
x(28)=1949;
x(29)=1949;
x(30)=1949;
x(31)=1949;
x(32)=1949;
x(33)=1974;
x(34)=1949;
x(35)=1949;
x(36)=3112;
x(37)=1949;
x(38)=3113;
x(39)=1949;
x(40)=3112;
x(41)=1967;

humd=x(2:9);
humi=x(10:17);
tmpd=x(18:25);
tmpi=x(26:33);
checksum=x(34:end);
